bs: 55
dr: 0.4907865258523386
hs: 107
ies: 60
lr: 0.0009416854870089587
nh: 5
nl: 8
o: adamw
