time_end: 1690344869.5835133
time_sampled: 1690344455.668945
