bs: 77
dr: 0.49259957679746225
hs: 180
ies: 20
lr: 0.0009313595965539658
nh: 1
nl: 5
o: adamw
