time_end: 1690344454.9182305
time_sampled: 1690344138.7097952
