bs: 66
dr: 0.42202327905069276
hs: 185
ies: 50
lr: 0.00015385301747400233
nh: 10
nl: 7
o: adagrad
