time_end: 1690338732.457744
time_sampled: 1690338348.9261115
