bs: 43
dr: 0.32636898272892134
hs: 131
ies: 40
lr: 0.00011688936316583935
nh: 10
nl: 3
o: sgd
