time_end: 1690340084.9342716
time_sampled: 1690339745.4042726
