time_end: 1690346143.9524562
time_sampled: 1690345834.9644809
