time_end: 1690344137.9556744
time_sampled: 1690343820.4411623
