time_end: 1690345188.4592738
time_sampled: 1690344870.351157
