time_end: 1690343146.786714
time_sampled: 1690342755.0875075
