bs: 63
dr: 0.44763363111346965
hs: 139
ies: 60
lr: 0.0005371472835470944
nh: 1
nl: 4
o: adagrad
