time_end: 1690337226.879272
time_sampled: 1690336903.7272582
