time_end: 1690342427.2523763
time_sampled: 1690342106.45494
