time_end: 1690343471.9860504
time_sampled: 1690343147.6815176
