bs: 79
dr: 0.33040920890973696
hs: 187
ies: 40
lr: 0.0004858679277971733
nh: 10
nl: 7
o: adamw
