time_end: 1690339099.691316
time_sampled: 1690338732.8426638
