time_end: 1690342105.5887914
time_sampled: 1690341762.9629946
