bs: 53
dr: 0.33005750747076146
hs: 105
ies: 20
lr: 0.00010172455783431734
nh: 5
nl: 4
o: adamw
