time_end: 1690338348.4191132
time_sampled: 1690338014.4833612
