bs: 35
dr: 0.3734685209541773
hs: 112
ies: 40
lr: 0.0006627171551884353
nh: 1
nl: 7
o: rmsprop
