time_end: 1690338013.9771614
time_sampled: 1690337548.2873142
