bs: 80
dr: 0.32442802653056124
hs: 183
ies: 10
lr: 0.0005812370022686015
nh: 1
nl: 6
o: adamw
