time_end: 1690339744.6433644
time_sampled: 1690339420.1626995
