bs: 55
dr: 0.3145006990648509
hs: 184
ies: 10
lr: 0.0009355888403097561
nh: 10
nl: 3
o: rmsprop
