time_end: 1690337547.9099474
time_sampled: 1690337227.2521203
