time_end: 1690345834.1844304
time_sampled: 1690345525.0298917
