bs: 43
dr: 0.47211830437531355
hs: 155
ies: 40
lr: 0.0006571019379320828
nh: 5
nl: 4
o: adamw
