time_end: 1690336509.73772
time_sampled: 1690336116.866436
