bs: 73
dr: 0.3074210045351163
hs: 105
ies: 20
lr: 0.0002367273959082876
nh: 5
nl: 4
o: adamw
