time_end: 1690342754.200656
time_sampled: 1690342428.1307483
