bs: 62
dr: 0.3152920361942086
hs: 134
ies: 20
lr: 0.0005725243536103969
nh: 10
nl: 8
o: adamw
