time_end: 1690336903.3583636
time_sampled: 1690336510.2137914
