time_end: 1690340421.9545238
time_sampled: 1690340085.6055312
