time_end: 1690341085.4319985
time_sampled: 1690340757.7800975
