time_end: 1690345524.0576324
time_sampled: 1690345189.2293453
