time_end: 1690341419.8171282
time_sampled: 1690341086.1211107
