time_end: 1690341762.251535
time_sampled: 1690341420.5101254
