bs: 59
dr: 0.37460869510577727
hs: 159
ies: 20
lr: 0.0006705917664604126
nh: 1
nl: 4
o: adamw
