time_end: 1690339419.7697048
time_sampled: 1690339100.081524
