time_end: 1690340757.100135
time_sampled: 1690340422.6216707
