bs: 80
dr: 0.3074210045351163
hs: 133
ies: 20
lr: 0.00010172455783431734
nh: 5
nl: 2
o: adamw
