time_end: 1690346444.8940022
time_sampled: 1690346144.7437413
