time_end: 1690343819.6949203
time_sampled: 1690343472.7209926
